0000000000000000000000000000000000000000
0111111100000001111100000000111111111110
0111111100000001111100000000111111111110
0111111100000001111100000000111111111110
0000000000000000000000000000000000000000
0001111111111100000000000000000111100000
0001111111111100000111111000000111100000
0001111111111100000111111000000111100000
0000000000000000000111111000000000000000
0000000011110000000111111000000000011110
0111000011110000000000000001111000011110
0111000011110000111111100001111000000000
0111000000000000111111100001111000011110
0000001111111100111111100000000000011110
0000001111111100000000000000000000000000