2
8
10
19
24
25
28
33
38
43
45
65
66
69
72
89
104
105
109
110
112
113
121
127
131
138
140
141
142
143
157
158
159
160
163
164
165
171
179
183
185
190
193
194
198
201
203
204
209
210
214
216
217
220
223
224
240
242
246
248
253
257
260
264
268
270
272
275
276
283
289
293
295
299
301
302
303
310
320
323
327
335
336
338
344
347
348
353
356
360
364
370
372
375
378
381
382
383
385
393
395
397
398
405
408
413
416
422
425
427
428
438
443
445
448
453
459
464
466
473
479
482
489
493
496
503
505
512
514
517
531
533
538
543
547
556
558
559
562
563
568
570
574
579
581
584
586
589
595
607
608
610
613
617
620
624
625
627
637
639
647
656
663
668
669
684
685
686
692
693
700
704
705
706
707
708
711
718
719
724
730
731
740
741
750
754
757
758
760
775
776
777
785
792
798
801
803
808
814
818
819
822
830
834
836
837
839
848
850
859
863
865
866
871
873
877
878
882
888
892
893
894
899
909
923
928
932
955
957
970
975
980
984
991
993
996
1003
1005
1007
1014
1015
1018
1021
1022
1024
1025
1032
1033
1034
1035
1036
1037
1053
1055
1056
1060
1063
1064
1066
1068
1070
1072
1076
1077
1078
1089
1090
1091
1099
1102
1103
1116
1121
1122
1128
1129
1137
1141
1146
1165
1166
1173
1174
1175
1193
1195
1196
1200
1201
1203
1205
1213
1214
1218
1219
1222
1232
1234
1239
1240
1241
1249
1255
1277
1287
1292
1300
1301
1315
1317
1322
1323
1326
1329
1331
1332
1333
1334
1335
1336
1337
1343
1348
1350
1356
1360
1361
1362
1363
1365
1367
1369
1370
1373
1378
1385
1387
1395
1401
1403
1405
1406
1407
1416
1419
1427
1428
1440
1445
1451
1453
1456
1458
1461
1464
1468
1471
1473
1474
1479
1482
1484
1490
1491
1492
1493
1496
1498
1499
1500
1502
1503
1504
1505
1506
1510
1522
1524
1526
1529
1532
1536
1540
1546
1547
1550
1555
1558
1559
1567
1576
1578
1579
1580
1582
1583
1584
1587
1591
1595
1598
1603
1606
1614
1619
1624
1626
1631
1635
1636
1643
1645
1646
1647
1648
1651
1657
1658
1660
1661
1664
1673
1679
1682
1686
1692
1693
1699
1706
1709
1716
1719
1723
1725
1735
1740
1757
1758
1759
1762
1769
1773
1774
1789
1791
1796
1805
1809
1810
1812
1820
1821
1827
1829
1856
1857
1862
1865
1867
1874
1876
1879
1880
1885
1886
1894
1895
1902
1903
1905
1909
1912
1918
1922
1924
1926
1934
1937
1944
1948
1950
1954
1955
1962
1969
1971
1974
1978
1982
1992
1999
2010
2016
2017
2019
2020
2025
2026
2028
2035
2038
2040
2043
2051
2055
2063
2065
2067
2070
2071
2073
2076
2077
2087
2088
2096
2101
2104
2105
2108
2113
2121
2122
2126
2129
2136
2146
2150
2156
2158
2166
2173
2175
2176
2177
2181
2182
2183
2185
2187
2188
2189
2192
2193
2198
2200
2205
2207
2216
2219
2222
2224
2226
2228
2229
2230
2236
2237
2239
2240
2241
2242
2246
2247
2251
2255
2268
2270
2271
2275
2281
2283
2293
2296
2297
2299
2300
2301
2303
2306
2308
2309
2311
2315
2316
2345
2346
2350
2352
2360
2364
2368
2374
2375
2387
2390
2397
2406
2408
2409
2413
2419
2423
2425
2430
2431
2434
2435
2437
2439
2442
2448
2451
2466
2467
2468
2471
2480
2481
2483
2497
2499
2504
2515
2521
2525
2528
2535
2538
2544
2572
2573
2574
2575
2576
2578
2586
2591
2594
2597
2605
2606
2608
2615
2631
2636
2638
2649
2651
2652
2654
2658
2663
2669
2672
2680
2683
2687
2690
2698
2699
2706
2708
2716
2719
2728
2730
2731
2734
2737
2738
2744
2746
2747
2751
2765
2769
2770
2776
2785
2786
2791
2798
2799
2802
2803
2805
2807
2809
2810
2811
2812
2814
2821
2824
2828
2831
2834
2836
2839
2843
2844
2846
2847
2848
2849
2863
2866
2870
2881
2885
2887
2909
2911
2912
2914
2915
2916
2917
2918
2920
2923
2930
2931
2937
2941
2949
2952
2953
2955
2961
2973
2976
2982
2983
2986
2992
2998
3004
3009
3010
3012
3014
3016
3021
3023
3029
3035
3042
3051
3052
3058
3063
3066
3068
3071
3078
3086
3092
3097
3107
3122
3133
3139
3140
3145
3153
3158
3172
3175
3176
3179
3181
3182
3185
3192
3201
3202
3205
3211
3213
3225
3229
3231
3239
3240
3242
3243
3244
3250
3253
3258
3263
3267
3273
3275
3276
3278
3292
3307
3309
3313
3315
3319
3323
3324
3330
3341
3342
3344
3348
3354
3355
3364
3366
3367
3371
3373
3376
3393
3400
3402
3403
3404
3407
3413
3415
3417
3418
3419
3422
3426
3427
3430
3431
3434
3435
3441
3442
3446
3452
3457
3480
3483
3497
3502
3505
3507
3511
3517
3530
3532
3533
3537
3539
3543
3548
3549
3555
3557
3558
3560
3561
3563
3564
3569
3571
3573
3574
3576
3585
3587
3591
3592
3595
3597
3602
3606
3608
3622
3623
3625
3637
3639
3641
3647
3648
3652
3656
3659
3660
3664
3676
3685
3689
3693
3696
3698
3706
3708
3719
3720
3727
3731
3738
3740
3743
3745
3751
3752
3757
3761
3765
3769
3771
3776
3793
3794
3796
3799
3801
3802
3807
3812
3820
3821
3834
3843
3853
3874
3881
3882
3883
3889
3893
3894
3896
3897
3898
3900
3901
3904
3906
3907
3911
3918
3927
3931
3932
3933
3935
3936
3942
3946
3947
3949
3960
3961
3963
3969
3977
3978
3983
3984
3988
3990
3992
3993
3996
3998
4003
4005
4007
4008
4012
4013
4014
4017
4029
4032
4037
4043
4045
4046
4047
4048
4055
4057
4061
4073
4076
4078
4080
4090
4091
4092
4095
4097
4098
4100
4105
4111
4113
4116
4117
4118
4126
4130
4132
4133
4138
4141
4150
4153
4161
4164
4165
4166
4170
4178
4183
4186
4191
4196
4197
4201
4208
4209
4212
4216
4226
4227
4231
4234
4240
4246
4247
4254
4259
4260
4274
4275
4278
4285
4291
4293
4294
4295
4297
4301
4304
4305
4312
4313
4317
4323
4325
4329
4330
4334
4338
4351
4355
4362
4365
4366
4368
4369
4372
4375
4380
4384
4386
4388
4395
4401
4402
4407
4408
4410
4413
4414
4417
4418
4419
4423
4439
4440
4441
4445
4447
4450
4458
4464
4466
4470
4471
4473
4477
4481
4488
4492
4499
4502
4505
4506
4510
4514
4516
4521
4527
4528
4529
4531
4534
4544
4552
4553
4555
4558
4570
4573
4574
4576
4582
4586
4587
4588
4592
4604
4606
4616
4619
4623
4630
4631
4638
4639
4644
4649
4657
4659
4661
4663
4672
4679
4681
4682
4684
4692
4699
4700
4701
4705
4708
4713
4724
4747
4751
4754
4765
4769
4773
4781
4784
4791
4800
4812
4815
4821
4825
4827
4830
4832
4836
4838
4839
4846
4849
4855
4857
4859
4861
4862
4869
4878
4879
4881
4883
4884
4886
4888
4894
4901
4902
4903
4904
4913
4914
4917
4918
4922
4923
4924
4925
4926
4929
4935
4945
4948
4953
4962
4967
4970
4974
4976
4989
4990
4992
4996
4999
5003
5011
5012
5014
5015
5019
5021
5022
5024
5025
5028
5036
5037
5042
5043
5051
5054
5060
5066
5068
5070
5073
5082
5088
5090
5091
5092
5094
5099
5106
5108
5122
5123
5125
5127
5133
5136
5140
5142
5143
5145
5151
5156
5158
5159
5167
5170
5173
5176
5180
5183
5187
5188
5189
5194
5195
5197
5199
5202
5204
5206
5207
5208
5209
5212
5216
5217
5218
5226
5232
5239
5240
5253
5256
5259
5261
5265
5269
5271
5274
5289
5294
5296
5297
5300
5302
5303
5304
5306
5310
5315
5321
5322
5323
5330
5334
5343
5346
5347
5351
5358
5363
5364
5366
5367
5373
5378
5379
5381
5386
5394
5397
5399
5403
5406
5419
5423
5425
5430
5436
5439
5441
5442
5444
5445
5452
5453
5454
5460
5463
5464
5469
5471
5478
5479
5481
5504
5507
5513
5514
5518
5520
5521
5523
5528
5529
5531
5534
5538
5545
5554
5557
5571
5573
5574
5578
5580
5583
5584
5586
5588
5590
5594
5598
5602
5607
5610
5613
5619
5624
5629
5631
5634
5635
5637
5641
5642
5645
5650
5656
5658
5660
5664
5666
5669
5674
5676
5678
5680
5684
5689
5693
5694
5698
5706
5709
5716
5717
5720
5721
5722
5724
5736
5738
5745
5752
5753
5761
5769
5773
5774
5780
5781
5782
5788
5790
5798
5800
5805
5807
5811
5812
5813
5814
5816
5818
5822
5838
5840
5845
5853
5855
5858
5860
5872
5874
5881
5882
5883
5888
5890
5892
5893
5899
5902
5904
5921
5924
5932
5934
5938
5944
5948
5949
5951
5958
5959
5960
5961
5967
5985
5988
5989
5996
6000
6001
6007
6014
6015
6017
6023
6027
6029
6030
6031
6032
6033
6034
6036
6040
6043
6047
6049
6050
6051
6056
6058
6064
6067
6070
6072
6077
6080
6085
6087
6094
6095
6098
6101
6102
6103
6111
6114
6116
6125
6126
6131
6138
6139
6141
6151
6152
6155
6158
6161
6169
6174
6177
6180
6182
6183
6186
6188
6196
6198
6204
6210
6218
6220
6226
6236
6241
6242
6245
6249
6252
6258
6261
6262
6264
6266
6271
6276
6280
6283
6287
6290
6291
6294
6295
6296
6313
6317
6320
6341
6343
6344
6347
6349
6353
6355
6357
6361
6366
6367
6372
6375
6377
6378
6383
6393
6401
6402
6403
6406
6412
6416
6424
6427
6438
6441
6442
6443
6445
6451
6452
6456
6460
6462
6463
6467
6471
6472
6478
6489
6490
6494
6495
6497
6498
6509
6511
6518
6519
6522
6523
6525
6528
6532
6535
6538
6539
6554
6557
6564
6571
6574
6577
6581
6584
6585
6589
6590
6594
6597
6611
6613
6618
6621
6624
6625
6626
6630
6633
6639
6642
6643
6644
6650
6658
6661
6670
6674
6676
6685
6695
6701
6703
6704
6715
6718
6724
6726
6729
6733
6739
6740
6746
6749
6750
6753
6754
6755
6761
6763
6764
6771
6775
6776
6779
6780
6782
6790
6791
6795
6797
6801
6807
6808
6810
6818
6819
6820
6834
6836
6843
6848
6852
6854
6857
6860
6866
6872
6873
6880
6881
6882
6885
6891
6892
6896
6898
6900
6905
6907
6908
6910
6922
6927
6939
6941
6944
6946
6949
6950
6964
6965
6966
6967
6971
6985
6988
6992
6993
7012
7013
7017
7021
7030
7031
7035
7039
7046
7048
7060
7068
7070
7074
7079
7082
7085
7086
7090
7091
7093
7095
7100
7101
7102
7105
7109
7112
7115
7121
7127
7132
7133
7143
7144
7146
7148
7149
7160
7162
7167
7170
7173
7178
7190
7191
7192
7196
7200
7205
7207
7218
7226
7237
7244
7249
7252
7254
7266
7274
7280
7281
7285
7288
7296
7300
7303
7307
7310
7312
7313
7314
7317
7323
7326
7329
7331
7342
7345
7348
7349
7358
7362
7367
7369
7370
7375
7376
7381
7387
7389
7390
7392
7396
7400
7401
7411
7413
7414
7417
7422
7424
7425
7427
7430
7431
7433
7439
7441
7443
7449
7462
7464
7467
7476
7477
7482
7485
7486
7491
7494
7506
7507
7510
7513
7516
7521
7522
7523
7525
7529
7533
7534
7540
7542
7544
7550
7553
7559
7569
7570
7581
7584
7588
7589
7590
7592
7595
7596
7598
7599
7603
7606
7607
7633
7644
7645
7652
7661
7670
7676
7682
7683
7688
7689
7691
7700
7704
7719
7720
7725
7729
7737
7740
7745
7755
7758
7760
7761
7771
7773
7778
7779
7781
7793
7795
7796
7800
7808
7812
7817
7819
7821
7834
7847
7851
7852
7855
7862
7863
7866
7867
7872
7878
7881
7895
7896
7897
7899
7903
7904
7907
7908
7909
7915
7918
7919
7921
7923
7925
7929
7935
7939
7943
7946
7950
7953
7955
7956
7960
7966
7974
7985
7986
7993
7995
7996
7998
8000
8003
8004
8007
8011
8012
8015
8017
8026
8028
8031
8032
8033
8036
8044
8053
8055
8059
8064
8065
8066
8068
8071
8074
8077
8078
8080
8091
8093
8095
8104
8106
8111
8117
8119
8124
8129
8135
8136
8142
8143
8150
8152
8154
8157
8158
8164
8168
8171
8172
8173
8175
8177
8179
8181
8186
8191
8192
8196
8202
8204
8208
8210
8216
8220
8235
8238
8239
8254
8256
8267
8268
8275
8276
8282
8288
8300
8301
8306
8307
8316
8318
8319
8324
8325
8329
8330
8332
8333
8335
8339
8345
8357
8359
8362
8372
8376
8379
8381
8382
8383
8387
8389
8391
8392
8393
8397
8400
8402
8405
8409
8413
8416
8424
8430
8433
8434
8435
8436
8440
8446
8450
8451
8452
8454
8460
8464
8480
8481
8483
8490
8491
8493
8496
8506
8508
8512
8516
8517
8519
8521
8523
8525
8528
8529
8535
8541
8543
8553
8555
8562
8572
8575
8577
8583
8589
8592
8594
8599
8602
8603
8607
8610
8618
8623
8624
8625
8627
8635
8642
8643
8656
8658
8660
8666
8667
8669
8676
8681
8683
8693
8694
8707
8715
8716
8726
8729
8734
8740
8744
8745
8747
8749
8755
8757
8758
8759
8764
8768
8769
8770
8771
8778
8784
8790
8791
8793
8795
8801
8802
8810
8823
8824
8827
8829
8831
8834
8835
8836
8837
8841
8846
8847
8849
8854
8855
8866
8873
8877
8878
8894
8897
8901
8905
8909
8910
8912
8913
8915
8922
8930
8945
8948
8949
8954
8955
8957
8960
8967
8970
8971
8972
8974
8977
8979
8982
8983
8985
8987
8998
9011
9016
9018
9026
9032
9039
9046
9049
9061
9063
9069
9071
9078
9079
9085
9086
9092
9093
9109
9110
9112
9113
9116
9118
9119
9125
9128
9135
9137
9141
9144
9145
9148
9151
9157
9160
9164
9167
9169
9170
9171
9174
9177
9183
9184
9193
9195
9199
9200
9205
9210
9212
9216
9220
9222
9223
9225
9235
9240
9245
9250
9251
9256
9263
9264
9265
9285
9291
9292
9294
9301
9306
9314
9318
9320
9321
9323
9324
9325
9326
9327
9329
9333
9335
9336
9338
9342
9343
9345
9347
9351
9352
9353
9354
9355
9359
9368
9373
9374
9383
9386
9397
9400
9403
9405
9410
9411
9415
9420
9426
9427
9430
9436
9442
9446
9452
9464
9468
9472
9475
9477
9480
9484
9486
9487
9495
9496
9498
9502
9503
9504
9506
9507
9510
9512
9522
9530
9539
9541
9542
9543
9548
9549
9551
9555
9559
9562
9564
9567
9568
9572
9573
9575
9579
9594
9599
9600
9602
9607
9609
9617
9619
9623
9630
9631
9633
9635
9648
9654
9655
9665
9669
9682
9692
9698
9701
9703
9726
9727
9732
9736
9740
9741
9742
9744
9753
9755
9756
9766
9770
9771
9773
9777
9793
9795
9799
9800
9802
9805
9808
9809
9811
9821
9822
9825
9826
9827
9831
9833
9838
9844
9845
9846
9850
9853
9859
9861
9867
9871
9874
9879
9886
9887
9889
9901
9903
9905
9906
9912
9913
9914
9915
9916
9918
9925
9926
9929
9934
9940
9943
9949
9954
9959
9960
9961
9964
9967
9973
9974
9976
9981
9982
9986
9987
9995
9998